102
1 5
17 44 45 54 55
2 5
19 33 35 45 77
3 6
19 21 35 47 48 78
4 4
20 46 52 79
5 4
20 34 47 56
6 7
22 23 42 48 49 78 88
7 4
23 49 60 98
8 5
25 36 50 52 56
9 4
26 36 38 50
10 5
24 51 57 60 61
11 5
27 29 40 51 61
12 4
39 52 53 90
13 7
28 41 53 59 62 81 96
14 7
27 28 29 40 58 95 99
15 3
49 88 98
16 6
31 59 82 96 97 91
17 5
1 32 43 55 86
18 6
34 45 46 54 66 87
19 5
2 3 34 35 47
20 5
4 5 34 46 56
21 4
3 36 47 48
22 4
6 42 49 88
23 5
6 7 48 49 60
24 5
10 37 60 61 98
25 4
8 50 52 58
26 5
9 36 38 57 60
27 6
11 14 38 40 51 58
28 8
13 14 39 41 58 62 95 100
29 5
11 14 40 61 99
30 2
49 98
31 4
16 59 63 97
32 5
17 43 44 65 75
33 5
2 45 55 68 77
34 7
5 18 19 20 45 46 47
35 4
2 3 19 93
36 9
8 9 21 26 47 48 50 56 60
37 4
24 80 98 102
38 7
9 26 27 50 51 57 58
39 5
12 28 52 53 58
40 4
11 14 27 29
41 3
13 28 62
42 2
6 22
43 4
17 32 67 75
44 4
1 32 54 76
45 6
1 2 18 33 34 55
46 6
4 18 20 34 69 79
47 7
3 5 19 21 34 36 56
48 7
3 6 21 23 36 60 78
49 7
6 7 15 22 23 30 98
50 6
8 9 25 36 38 58
51 6
10 11 27 38 57 61
52 10
4 8 12 25 39 56 58 71 79 90
53 4
12 13 39 81
54 5
1 18 44 66 76
55 6
1 17 33 45 68 86
56 6
5 8 20 36 47 52
57 5
10 26 38 51 60
58 8
14 25 27 28 38 39 50 52
59 6
13 16 31 62 63 96
60 8
7 10 23 24 26 36 48 57
61 8
10 11 24 29 51 94 99 102
62 7
13 28 41 59 63 74 100
63 6
31 59 62 74 84 97
64 2
75 85
65 4
32 75 76 85
66 4
18 54 76 87
67 3
43 75 86
68 4
33 55 77 86
69 3
46 79 87
70 1
80
71 3
52 79 90
72 2
89 94
73 4
84 92 97 101
74 4
62 63 84 100
75 6
32 43 64 65 67 85
76 4
44 54 65 66
77 4
2 33 68 93
78 5
3 6 48 88 93
79 5
4 46 52 69 71
80 5
37 89 98 102 70
81 4
13 53 90 96
82 4
16 96 97 91
83 3
91 97 92
84 5
63 73 74 97 101
85 3
64 65 75
86 4
17 55 67 68
87 3
18 66 69
88 5
6 15 22 78 98
89 2
72 80
90 4
12 52 71 81
91 4
83 82 16 97
92 3
73 101 83
93 3
35 77 78
94 4
61 99 102 72
95 4
14 28 99 100
96 5
13 16 59 81 82
97 8
16 31 63 73 82 84 83 91
98 8
7 15 24 30 37 49 80 88
99 5
14 29 61 94 95
100 4
28 62 74 95
101 3
73 84 92
102 4
37 61 80 94
